Year	 month	date	Year.frac	CO2
1958	3	21259	1958.2027	315.71
1958	4	21290	1958.2877	317.45
1958	5	21320	1958.3699	317.51
1958	6	21351	1958.4548	317.27
1958	7	21381	1958.537	315.87
1958	8	21412	1958.6219	314.93
1958	9	21443	1958.7068	313.21
1958	10	21473	1958.789	312.42
1958	11	21504	1958.874	313.33
1958	12	21534	1958.9562	314.67
1959	1	21565	1959.0411	315.58
1959	2	21596	1959.126	316.49
1959	3	21624	1959.2027	316.65
1959	4	21655	1959.2877	317.72
1959	5	21685	1959.3699	318.29
1959	6	21716	1959.4548	318.15
1959	7	21746	1959.537	316.54
1959	8	21777	1959.6219	314.8
1959	9	21808	1959.7068	313.84
1959	10	21838	1959.789	313.33
1959	11	21869	1959.874	314.81
1959	12	21899	1959.9562	315.58
1960	1	21930	1960.041	316.43
1960	2	21961	1960.1257	316.98
1960	3	21990	1960.2049	317.58
1960	4	22021	1960.2896	319.03
1960	5	22051	1960.3716	320.03
1960	6	22082	1960.4563	319.58
1960	7	22112	1960.5383	318.18
1960	8	22143	1960.623	315.9
1960	9	22174	1960.7077	314.17
1960	10	22204	1960.7896	313.83
1960	11	22235	1960.8743	315
1960	12	22265	1960.9563	316.19
1961	1	22296	1961.0411	316.89
1961	2	22327	1961.126	317.7
1961	3	22355	1961.2027	318.54
1961	4	22386	1961.2877	319.48
1961	5	22416	1961.3699	320.58
1961	6	22447	1961.4548	319.77
1961	7	22477	1961.537	318.56
1961	8	22508	1961.6219	316.79
1961	9	22539	1961.7068	314.99
1961	10	22569	1961.789	315.31
1961	11	22600	1961.874	316.1
1961	12	22630	1961.9562	317.01
1962	1	22661	1962.0411	317.94
1962	2	22692	1962.126	318.55
1962	3	22720	1962.2027	319.68
1962	4	22751	1962.2877	320.57
1962	5	22781	1962.3699	321.02
1962	6	22812	1962.4548	320.62
1962	7	22842	1962.537	319.61
1962	8	22873	1962.6219	317.4
1962	9	22904	1962.7068	316.24
1962	10	22934	1962.789	315.42
1962	11	22965	1962.874	316.69
1962	12	22995	1962.9562	317.7
1963	1	23026	1963.0411	318.74
1963	2	23057	1963.126	319.07
1963	3	23085	1963.2027	319.86
1963	4	23116	1963.2877	321.38
1963	5	23146	1963.3699	322.24
1963	6	23177	1963.4548	321.49
1963	7	23207	1963.537	319.74
1963	8	23238	1963.6219	317.77
1963	9	23269	1963.7068	316.21
1963	10	23299	1963.789	315.99
1963	11	23330	1963.874	317.07
1963	12	23360	1963.9562	318.35
1964	1	23391	1964.041	319.57
1964	2	23422	1964.1257	320.04
1964	3	23451	1964.2049	320.75
1964	4	23482	1964.2896	321.84
1964	5	23512	1964.3716	322.25
1964	6	23543	1964.4563	321.89
1964	7	23573	1964.5383	320.44
1964	8	23604	1964.623	318.69
1964	9	23635	1964.7077	316.71
1964	10	23665	1964.7896	316.87
1964	11	23696	1964.8743	317.68
1964	12	23726	1964.9563	318.71
1965	1	23757	1965.0411	319.44
1965	2	23788	1965.126	320.44
1965	3	23816	1965.2027	320.89
1965	4	23847	1965.2877	322.14
1965	5	23877	1965.3699	322.17
1965	6	23908	1965.4548	321.87
1965	7	23938	1965.537	321.21
1965	8	23969	1965.6219	318.87
1965	9	24000	1965.7068	317.82
1965	10	24030	1965.789	317.3
1965	11	24061	1965.874	318.87
1965	12	24091	1965.9562	319.42
1966	1	24122	1966.0411	320.62
1966	2	24153	1966.126	321.6
1966	3	24181	1966.2027	322.39
1966	4	24212	1966.2877	323.7
1966	5	24242	1966.3699	324.08
1966	6	24273	1966.4548	323.75
1966	7	24303	1966.537	322.37
1966	8	24334	1966.6219	320.36
1966	9	24365	1966.7068	318.64
1966	10	24395	1966.789	318.1
1966	11	24426	1966.874	319.78
1966	12	24456	1966.9562	321.02
1967	1	24487	1967.0411	322.33
1967	2	24518	1967.126	322.5
1967	3	24546	1967.2027	323.03
1967	4	24577	1967.2877	324.41
1967	5	24607	1967.3699	325
1967	6	24638	1967.4548	324.09
1967	7	24668	1967.537	322.54
1967	8	24699	1967.6219	320.92
1967	9	24730	1967.7068	319.25
1967	10	24760	1967.789	319.39
1967	11	24791	1967.874	320.73
1967	12	24821	1967.9562	321.96
1968	1	24852	1968.041	322.57
1968	2	24883	1968.1257	323.15
1968	3	24912	1968.2049	323.89
1968	4	24943	1968.2896	325.02
1968	5	24973	1968.3716	325.57
1968	6	25004	1968.4563	325.36
1968	7	25034	1968.5383	324.14
1968	8	25065	1968.623	322.11
1968	9	25096	1968.7077	320.33
1968	10	25126	1968.7896	320.25
1968	11	25157	1968.8743	321.32
1968	12	25187	1968.9563	322.89
1969	1	25218	1969.0411	324
1969	2	25249	1969.126	324.41
1969	3	25277	1969.2027	325.63
1969	4	25308	1969.2877	326.66
1969	5	25338	1969.3699	327.38
1969	6	25369	1969.4548	326.71
1969	7	25399	1969.537	325.88
1969	8	25430	1969.6219	323.66
1969	9	25461	1969.7068	322.38
1969	10	25491	1969.789	321.78
1969	11	25522	1969.874	322.85
1969	12	25552	1969.9562	324.11
1970	1	25583	1970.0411	325.06
1970	2	25614	1970.126	325.99
1970	3	25642	1970.2027	326.93
1970	4	25673	1970.2877	328.13
1970	5	25703	1970.3699	328.08
1970	6	25734	1970.4548	327.67
1970	7	25764	1970.537	326.34
1970	8	25795	1970.6219	324.68
1970	9	25826	1970.7068	323.1
1970	10	25856	1970.789	323.06
1970	11	25887	1970.874	324.01
1970	12	25917	1970.9562	325.13
1971	1	25948	1971.0411	326.17
1971	2	25979	1971.126	326.69
1971	3	26007	1971.2027	327.18
1971	4	26038	1971.2877	327.78
1971	5	26068	1971.3699	328.93
1971	6	26099	1971.4548	328.57
1971	7	26129	1971.537	327.36
1971	8	26160	1971.6219	325.43
1971	9	26191	1971.7068	323.36
1971	10	26221	1971.789	323.56
1971	11	26252	1971.874	324.8
1971	12	26282	1971.9562	326.01
1972	1	26313	1972.041	326.77
1972	2	26344	1972.1257	327.63
1972	3	26373	1972.2049	327.75
1972	4	26404	1972.2896	329.72
1972	5	26434	1972.3716	330.07
1972	6	26465	1972.4563	329.09
1972	7	26495	1972.5383	328.04
1972	8	26526	1972.623	326.32
1972	9	26557	1972.7077	324.84
1972	10	26587	1972.7896	325.2
1972	11	26618	1972.8743	326.5
1972	12	26648	1972.9563	327.55
1973	1	26679	1973.0411	328.55
1973	2	26710	1973.126	329.57
1973	3	26738	1973.2027	330.3
1973	4	26769	1973.2877	331.5
1973	5	26799	1973.3699	332.48
1973	6	26830	1973.4548	332.07
1973	7	26860	1973.537	330.87
1973	8	26891	1973.6219	329.31
1973	9	26922	1973.7068	327.52
1973	10	26952	1973.789	327.19
1973	11	26983	1973.874	328.17
1973	12	27013	1973.9562	328.65
1974	1	27044	1974.0411	329.36
1974	2	27075	1974.126	330.71
1974	3	27103	1974.2027	331.49
1974	4	27134	1974.2877	332.65
1974	5	27164	1974.3699	333.19
1974	6	27195	1974.4548	332.2
1974	7	27225	1974.537	331.07
1974	8	27256	1974.6219	329.15
1974	9	27287	1974.7068	327.33
1974	10	27317	1974.789	327.28
1974	11	27348	1974.874	328.31
1974	12	27378	1974.9562	329.58
1975	1	27409	1975.0411	330.73
1975	2	27440	1975.126	331.46
1975	3	27468	1975.2027	331.94
1975	4	27499	1975.2877	333.11
1975	5	27529	1975.3699	333.95
1975	6	27560	1975.4548	333.42
1975	7	27590	1975.537	331.97
1975	8	27621	1975.6219	329.95
1975	9	27652	1975.7068	328.49
1975	10	27682	1975.789	328.36
1975	11	27713	1975.874	329.38
1975	12	27743	1975.9562	330.78
1976	1	27774	1976.041	331.56
1976	2	27805	1976.1257	332.74
1976	3	27834	1976.2049	333.36
1976	4	27865	1976.2896	334.74
1976	5	27895	1976.3716	334.72
1976	6	27926	1976.4563	333.97
1976	7	27956	1976.5383	333.08
1976	8	27987	1976.623	330.68
1976	9	28018	1976.7077	328.96
1976	10	28048	1976.7896	328.72
1976	11	28079	1976.8743	330.16
1976	12	28109	1976.9563	331.62
1977	1	28140	1977.0411	332.68
1977	2	28171	1977.126	333.17
1977	3	28199	1977.2027	334.96
1977	4	28230	1977.2877	336.14
1977	5	28260	1977.3699	336.93
1977	6	28291	1977.4548	336.17
1977	7	28321	1977.537	334.89
1977	8	28352	1977.6219	332.56
1977	9	28383	1977.7068	331.29
1977	10	28413	1977.789	331.28
1977	11	28444	1977.874	332.46
1977	12	28474	1977.9562	333.6
1978	1	28505	1978.0411	334.94
1978	2	28536	1978.126	335.26
1978	3	28564	1978.2027	336.66
1978	4	28595	1978.2877	337.69
1978	5	28625	1978.3699	338.02
1978	6	28656	1978.4548	338.01
1978	7	28686	1978.537	336.5
1978	8	28717	1978.6219	334.42
1978	9	28748	1978.7068	332.36
1978	10	28778	1978.789	332.45
1978	11	28809	1978.874	333.76
1978	12	28839	1978.9562	334.91
1979	1	28870	1979.0411	336.14
1979	2	28901	1979.126	336.69
1979	3	28929	1979.2027	338.27
1979	4	28960	1979.2877	338.82
1979	5	28990	1979.3699	339.24
1979	6	29021	1979.4548	339.26
1979	7	29051	1979.537	337.54
1979	8	29082	1979.6219	335.72
1979	9	29113	1979.7068	333.97
1979	10	29143	1979.789	334.24
1979	11	29174	1979.874	335.32
1979	12	29204	1979.9562	336.81
1980	1	29235	1980.041	337.9
1980	2	29266	1980.1257	338.34
1980	3	29295	1980.2049	340.07
1980	4	29326	1980.2896	340.93
1980	5	29356	1980.3716	341.45
1980	6	29387	1980.4563	341.36
1980	7	29417	1980.5383	339.45
1980	8	29448	1980.623	337.67
1980	9	29479	1980.7077	336.25
1980	10	29509	1980.7896	336.14
1980	11	29540	1980.8743	337.3
1980	12	29570	1980.9563	338.29
1981	1	29601	1981.0411	339.29
1981	2	29632	1981.126	340.55
1981	3	29660	1981.2027	341.63
1981	4	29691	1981.2877	342.6
1981	5	29721	1981.3699	343.04
1981	6	29752	1981.4548	342.54
1981	7	29782	1981.537	340.82
1981	8	29813	1981.6219	338.48
1981	9	29844	1981.7068	336.95
1981	10	29874	1981.789	337.05
1981	11	29905	1981.874	338.58
1981	12	29935	1981.9562	339.91
1982	1	29966	1982.0411	340.93
1982	2	29997	1982.126	341.76
1982	3	30025	1982.2027	342.78
1982	4	30056	1982.2877	343.96
1982	5	30086	1982.3699	344.77
1982	6	30117	1982.4548	343.88
1982	7	30147	1982.537	342.42
1982	8	30178	1982.6219	340.24
1982	9	30209	1982.7068	338.37
1982	10	30239	1982.789	338.41
1982	11	30270	1982.874	339.44
1982	12	30300	1982.9562	340.78
1983	1	30331	1983.0411	341.57
1983	2	30362	1983.126	342.78
1983	3	30390	1983.2027	343.37
1983	4	30421	1983.2877	345.4
1983	5	30451	1983.3699	346.14
1983	6	30482	1983.4548	345.76
1983	7	30512	1983.537	344.32
1983	8	30543	1983.6219	342.51
1983	9	30574	1983.7068	340.46
1983	10	30604	1983.789	340.53
1983	11	30635	1983.874	341.79
1983	12	30665	1983.9562	343.2
1984	1	30696	1984.041	344.21
1984	2	30727	1984.1257	344.92
1984	3	30756	1984.2049	345.68
1984	4	30787	1984.2896	347.38
1984	5	30817	1984.3716	347.78
1984	6	30848	1984.4563	347.16
1984	7	30878	1984.5383	345.79
1984	8	30909	1984.623	343.74
1984	9	30940	1984.7077	341.59
1984	10	30970	1984.7896	341.86
1984	11	31001	1984.8743	343.31
1984	12	31031	1984.9563	345
1985	1	31062	1985.0411	345.48
1985	2	31093	1985.126	346.41
1985	3	31121	1985.2027	347.91
1985	4	31152	1985.2877	348.66
1985	5	31182	1985.3699	349.28
1985	6	31213	1985.4548	348.65
1985	7	31243	1985.537	346.9
1985	8	31274	1985.6219	345.26
1985	9	31305	1985.7068	343.47
1985	10	31335	1985.789	343.35
1985	11	31366	1985.874	344.73
1985	12	31396	1985.9562	346.12
1986	1	31427	1986.0411	346.78
1986	2	31458	1986.126	347.48
1986	3	31486	1986.2027	348.25
1986	4	31517	1986.2877	349.86
1986	5	31547	1986.3699	350.52
1986	6	31578	1986.4548	349.98
1986	7	31608	1986.537	348.25
1986	8	31639	1986.6219	346.17
1986	9	31670	1986.7068	345.48
1986	10	31700	1986.789	344.82
1986	11	31731	1986.874	346.22
1986	12	31761	1986.9562	347.48
1987	1	31792	1987.0411	348.73
1987	2	31823	1987.126	348.92
1987	3	31851	1987.2027	349.81
1987	4	31882	1987.2877	351.4
1987	5	31912	1987.3699	352.15
1987	6	31943	1987.4548	351.58
1987	7	31973	1987.537	350.21
1987	8	32004	1987.6219	348.2
1987	9	32035	1987.7068	346.66
1987	10	32065	1987.789	346.72
1987	11	32096	1987.874	348.08
1987	12	32126	1987.9562	349.28
1988	1	32157	1988.041	350.51
1988	2	32188	1988.1257	351.7
1988	3	32217	1988.2049	352.5
1988	4	32248	1988.2896	353.67
1988	5	32278	1988.3716	354.35
1988	6	32309	1988.4563	353.88
1988	7	32339	1988.5383	352.8
1988	8	32370	1988.623	350.49
1988	9	32401	1988.7077	348.97
1988	10	32431	1988.7896	349.37
1988	11	32462	1988.8743	350.42
1988	12	32492	1988.9563	351.62
1989	1	32523	1989.0411	353.07
1989	2	32554	1989.126	353.43
1989	3	32582	1989.2027	354.08
1989	4	32613	1989.2877	355.72
1989	5	32643	1989.3699	355.95
1989	6	32674	1989.4548	355.44
1989	7	32704	1989.537	354.05
1989	8	32735	1989.6219	351.84
1989	9	32766	1989.7068	350.09
1989	10	32796	1989.789	350.33
1989	11	32827	1989.874	351.55
1989	12	32857	1989.9562	352.91
1990	1	32888	1990.0411	353.86
1990	2	32919	1990.126	355.1
1990	3	32947	1990.2027	355.75
1990	4	32978	1990.2877	356.38
1990	5	33008	1990.3699	357.38
1990	6	33039	1990.4548	356.39
1990	7	33069	1990.537	354.89
1990	8	33100	1990.6219	353.06
1990	9	33131	1990.7068	351.38
1990	10	33161	1990.789	351.69
1990	11	33192	1990.874	353.14
1990	12	33222	1990.9562	354.41
1991	1	33253	1991.0411	354.93
1991	2	33284	1991.126	355.82
1991	3	33312	1991.2027	357.33
1991	4	33343	1991.2877	358.77
1991	5	33373	1991.3699	359.23
1991	6	33404	1991.4548	358.23
1991	7	33434	1991.537	356.3
1991	8	33465	1991.6219	353.97
1991	9	33496	1991.7068	352.34
1991	10	33526	1991.789	352.43
1991	11	33557	1991.874	353.89
1991	12	33587	1991.9562	355.21
1992	1	33618	1992.041	356.34
1992	2	33649	1992.1257	357.21
1992	3	33678	1992.2049	357.97
1992	4	33709	1992.2896	359.22
1992	5	33739	1992.3716	359.71
1992	6	33770	1992.4563	359.44
1992	7	33800	1992.5383	357.15
1992	8	33831	1992.623	354.99
1992	9	33862	1992.7077	353.01
1992	10	33892	1992.7896	353.41
1992	11	33923	1992.8743	354.42
1992	12	33953	1992.9563	355.68
1993	1	33984	1993.0411	357.1
1993	2	34015	1993.126	357.42
1993	3	34043	1993.2027	358.59
1993	4	34074	1993.2877	359.39
1993	5	34104	1993.3699	360.3
1993	6	34135	1993.4548	359.64
1993	7	34165	1993.537	357.45
1993	8	34196	1993.6219	355.76
1993	9	34227	1993.7068	354.14
1993	10	34257	1993.789	354.23
1993	11	34288	1993.874	355.53
1993	12	34318	1993.9562	357.03
1994	1	34349	1994.0411	358.36
1994	2	34380	1994.126	359.04
1994	3	34408	1994.2027	360.11
1994	4	34439	1994.2877	361.36
1994	5	34469	1994.3699	361.78
1994	6	34500	1994.4548	360.94
1994	7	34530	1994.537	359.51
1994	8	34561	1994.6219	357.59
1994	9	34592	1994.7068	355.86
1994	10	34622	1994.789	356.21
1994	11	34653	1994.874	357.65
1994	12	34683	1994.9562	359.1
1995	1	34714	1995.0411	360.04
1995	2	34745	1995.126	361
1995	3	34773	1995.2027	361.98
1995	4	34804	1995.2877	363.44
1995	5	34834	1995.3699	363.83
1995	6	34865	1995.4548	363.33
1995	7	34895	1995.537	361.78
1995	8	34926	1995.6219	359.33
1995	9	34957	1995.7068	358.32
1995	10	34987	1995.789	358.14
1995	11	35018	1995.874	359.61
1995	12	35048	1995.9562	360.82
1996	1	35079	1996.041	362.2
1996	2	35110	1996.1257	363.36
1996	3	35139	1996.2049	364.28
1996	4	35170	1996.2896	364.69
1996	5	35200	1996.3716	365.25
1996	6	35231	1996.4563	365.06
1996	7	35261	1996.5383	363.69
1996	8	35292	1996.623	361.55
1996	9	35323	1996.7077	359.69
1996	10	35353	1996.7896	359.72
1996	11	35384	1996.8743	361.04
1996	12	35414	1996.9563	362.39
1997	1	35445	1997.0411	363.24
1997	2	35476	1997.126	364.21
1997	3	35504	1997.2027	364.65
1997	4	35535	1997.2877	366.49
1997	5	35565	1997.3699	366.77
1997	6	35596	1997.4548	365.73
1997	7	35626	1997.537	364.46
1997	8	35657	1997.6219	362.4
1997	9	35688	1997.7068	360.44
1997	10	35718	1997.789	360.97
1997	11	35749	1997.874	362.65
1997	12	35779	1997.9562	364.51
1998	1	35810	1998.0411	365.39
1998	2	35841	1998.126	366.1
1998	3	35869	1998.2027	367.36
1998	4	35900	1998.2877	368.79
1998	5	35930	1998.3699	369.56
1998	6	35961	1998.4548	369.13
1998	7	35991	1998.537	367.98
1998	8	36022	1998.6219	366.1
1998	9	36053	1998.7068	364.16
1998	10	36083	1998.789	364.54
1998	11	36114	1998.874	365.67
1998	12	36144	1998.9562	367.3
1999	1	36175	1999.0411	368.35
1999	2	36206	1999.126	369.28
1999	3	36234	1999.2027	369.84
1999	4	36265	1999.2877	371.15
1999	5	36295	1999.3699	371.12
1999	6	36326	1999.4548	370.46
1999	7	36356	1999.537	369.61
1999	8	36387	1999.6219	367.06
1999	9	36418	1999.7068	364.95
1999	10	36448	1999.789	365.52
1999	11	36479	1999.874	366.88
1999	12	36509	1999.9562	368.26
2000	1	36540	2000.041	369.45
2000	2	36571	2000.1257	369.71
2000	3	36600	2000.2049	370.75
2000	4	36631	2000.2896	371.98
2000	5	36661	2000.3716	371.75
2000	6	36692	2000.4563	371.87
2000	7	36722	2000.5383	370.02
2000	8	36753	2000.623	368.27
2000	9	36784	2000.7077	367.15
2000	10	36814	2000.7896	367.18
2000	11	36845	2000.8743	368.53
2000	12	36875	2000.9563	369.83
2001	1	36906	2001.0411	370.76
2001	2	36937	2001.126	371.69
2001	3	36965	2001.2027	372.63
2001	4	36996	2001.2877	373.55
2001	5	37026	2001.3699	374.03
2001	6	37057	2001.4548	373.4
2001	7	37087	2001.537	371.68
2001	8	37118	2001.6219	369.78
2001	9	37149	2001.7068	368.34
2001	10	37179	2001.789	368.61
2001	11	37210	2001.874	369.94
2001	12	37240	2001.9562	371.42
2002	1	37271	2002.0411	372.7
2002	2	37302	2002.126	373.37
2002	3	37330	2002.2027	374.3
2002	4	37361	2002.2877	375.19
2002	5	37391	2002.3699	375.93
2002	6	37422	2002.4548	375.69
2002	7	37452	2002.537	374.16
2002	8	37483	2002.6219	372.03
2002	9	37514	2002.7068	370.92
2002	10	37544	2002.789	370.73
2002	11	37575	2002.874	372.43
2002	12	37605	2002.9562	373.98
2003	1	37636	2003.0411	375.07
2003	2	37667	2003.126	375.82
2003	3	37695	2003.2027	376.64
2003	4	37726	2003.2877	377.92
2003	5	37756	2003.3699	378.78
2003	6	37787	2003.4548	378.46
2003	7	37817	2003.537	376.88
2003	8	37848	2003.6219	374.57
2003	9	37879	2003.7068	373.34
2003	10	37909	2003.789	373.31
2003	11	37940	2003.874	374.84
2003	12	37970	2003.9562	376.17
2004	1	38001	2004.041	377.17
2004	2	38032	2004.1257	378.05
2004	3	38061	2004.2049	379.06
2004	4	38092	2004.2896	380.54
2004	5	38122	2004.3716	380.8
2004	6	38153	2004.4563	379.87
2004	7	38183	2004.5383	377.65
2004	8	38214	2004.623	376.17
2004	9	38245	2004.7077	374.43
2004	10	38275	2004.7896	374.63
2004	11	38306	2004.8743	376.33
2004	12	38336	2004.9563	377.68
2005	1	38367	2005.0411	378.63
2005	2	38398	2005.126	379.91
2005	3	38426	2005.2027	380.95
2005	4	38457	2005.2877	382.48
2005	5	38487	2005.3699	382.64
2005	6	38518	2005.4548	382.4
2005	7	38548	2005.537	380.93
2005	8	38579	2005.6219	378.93
2005	9	38610	2005.7068	376.89
2005	10	38640	2005.789	377.19
2005	11	38671	2005.874	378.54
2005	12	38701	2005.9562	380.3
2006	1	38732	2006.0411	381.58
2006	2	38763	2006.126	382.4
2006	3	38791	2006.2027	382.86
2006	4	38822	2006.2877	384.8
2006	5	38852	2006.3699	385.22
2006	6	38883	2006.4548	384.24
2006	7	38913	2006.537	382.65
2006	8	38944	2006.6219	380.6
2006	9	38975	2006.7068	379.04
2006	10	39005	2006.789	379.33
2006	11	39036	2006.874	380.35
2006	12	39066	2006.9562	382.02
2007	1	39097	2007.0411	383.1
2007	2	39128	2007.126	384.12
2007	3	39156	2007.2027	384.81
2007	4	39187	2007.2877	386.73
2007	5	39217	2007.3699	386.78
2007	6	39248	2007.4548	386.33
2007	7	39278	2007.537	384.73
2007	8	39309	2007.6219	382.24
2007	9	39340	2007.7068	381.2
2007	10	39370	2007.789	381.37
2007	11	39401	2007.874	382.7
2007	12	39431	2007.9562	384.19
2008	1	39462	2008.041	385.78
2008	2	39493	2008.1257	386.06
2008	3	39522	2008.2049	386.28
2008	4	39553	2008.2896	387.33
2008	5	39583	2008.3716	388.78
2008	6	39614	2008.4563	387.99
2008	7	39644	2008.5383	386.61
2008	8	39675	2008.623	384.32
2008	9	39706	2008.7077	383.41
2008	10	39736	2008.7896	383.22
2008	11	39767	2008.8743	384.41
2008	12	39797	2008.9563	385.79
2009	1	39828	2009.0411	387.17
2009	2	39859	2009.126	387.7
2009	3	39887	2009.2027	389.04
2009	4	39918	2009.2877	389.76
2009	5	39948	2009.3699	390.36
2009	6	39979	2009.4548	389.7
2009	7	40009	2009.537	388.24
2009	8	40040	2009.6219	386.29
2009	9	40071	2009.7068	384.95
2009	10	40101	2009.789	384.64
2009	11	40132	2009.874	386.23
2009	12	40162	2009.9562	387.63
2010	1	40193	2010.0411	388.91
2010	2	40224	2010.126	390.41
2010	3	40252	2010.2027	391.37
2010	4	40283	2010.2877	392.67
2010	5	40313	2010.3699	393.21
2010	6	40344	2010.4548	392.38
2010	7	40374	2010.537	390.41
2010	8	40405	2010.6219	388.54
2010	9	40436	2010.7068	387.03
2010	10	40466	2010.789	387.43
2010	11	40497	2010.874	388.87
2010	12	40527	2010.9562	389.99
2011	1	40558	2011.0411	391.5
2011	2	40589	2011.126	392.05
2011	3	40617	2011.2027	392.8
2011	4	40648	2011.2877	393.44
2011	5	40678	2011.3699	394.41
2011	6	40709	2011.4548	393.95
2011	7	40739	2011.537	392.72
2011	8	40770	2011.6219	390.33
2011	9	40801	2011.7068	389.28
2011	10	40831	2011.789	389.19
2011	11	40862	2011.874	390.48
2011	12	40892	2011.9562	392.06
2012	1	40923	2012.041	393.31
2012	2	40954	2012.1257	394.04
2012	3	40983	2012.2049	394.59
2012	4	41014	2012.2896	396.38
2012	5	41044	2012.3716	396.93
2012	6	41075	2012.4563	395.91
2012	7	41105	2012.5383	394.56
2012	8	41136	2012.623	392.59
2012	9	41167	2012.7077	391.32
2012	10	41197	2012.7896	391.27
2012	11	41228	2012.8743	393.2
2012	12	41258	2012.9563	394.57
2013	1	41289	2013.0411	395.78
2013	2	41320	2013.126	397.03
2013	3	41348	2013.2027	397.66
2013	4	41379	2013.2877	398.64
2013	5	41409	2013.3699	400.02
2013	6	41440	2013.4548	398.81
2013	7	41470	2013.537	397.51
2013	8	41501	2013.6219	395.39
2013	9	41532	2013.7068	393.72
2013	10	41562	2013.789	393.9
2013	11	41593	2013.874	395.36
2013	12	41623	2013.9562	397.03
2014	1	41654	2014.0411	398.04
2014	2	41685	2014.126	398.27
2014	3	41713	2014.2027	399.91
2014	4	41744	2014.2877	401.51
2014	5	41774	2014.3699	401.96
2014	6	41805	2014.4548	401.43
2014	7	41835	2014.537	399.27
2014	8	41866	2014.6219	397.18
2014	9	41897	2014.7068	395.54
2014	10	41927	2014.789	396.16
2014	11	41958	2014.874	397.4
2014	12	41988	2014.9562	399.08
2015	1	42019	2015.0411	400.18
2015	2	42050	2015.126	400.55
2015	3	42078	2015.2027	401.74
2015	4	42109	2015.2877	403.35
2015	5	42139	2015.3699	404.15
2015	6	42170	2015.4548	402.97
2015	7	42200	2015.537	401.46
2015	8	42231	2015.6219	399.11
2015	9	42262	2015.7068	397.82
2015	10	42292	2015.789	398.49
2015	11	42323	2015.874	400.27
2015	12	42353	2015.9562	402.06
2016	1	42384	2016.041	402.73
2016	2	42415	2016.1257	404.25
2016	3	42444	2016.2049	405.06
2016	4	42475	2016.2896	407.6
2016	5	42505	2016.3716	407.9
2016	6	42536	2016.4563	406.99
2016	7	42566	2016.5383	404.59
2016	8	42597	2016.623	402.45
2016	9	42628	2016.7077	401.23
2016	10	42658	2016.7896	401.79
2016	11	42689	2016.8743	403.72
2016	12	42719	2016.9563	404.64
2017	1	42750	2017.0411	406.36
2017	2	42781	2017.126	406.66
2017	3	42809	2017.2027	407.53
2017	4	42840	2017.2877	409.22
2017	5	42870	2017.3699	409.89
2017	6	42901	2017.4548	409.08
2017	7	42931	2017.537	407.33
2017	8	42962	2017.6219	405.32
2017	9	42993	2017.7068	403.57
2017	10	43023	2017.789	403.82
2017	11	43054	2017.874	405.31
2017	12	43084	2017.9562	407
2018	1	43115	2018.0411	408.15
2018	2	43146	2018.126	408.52
2018	3	43174	2018.2027	409.59
2018	4	43205	2018.2877	410.45
2018	5	43235	2018.3699	411.44
2018	6	43266	2018.4548	410.99
2018	7	43296	2018.537	408.9
2018	8	43327	2018.6219	407.16
2018	9	43358	2018.7068	405.71
2018	10	43388	2018.789	406.19
2018	11	43419	2018.874	408.21
2018	12	43449	2018.9562	409.27
2019	1	43480	2019.0411	411.03
2019	2	43511	2019.126	411.96
2019	3	43539	2019.2027	412.18
2019	4	43570	2019.2877	413.54
2019	5	43600	2019.3699	414.86
2019	6	43631	2019.4548	414.15
2019	7	43661	2019.537	411.96
2019	8	43692	2019.6219	410.17
2019	9	43723	2019.7068	408.76
2019	10	43753	2019.789	408.74
2019	11	43784	2019.874	410.47
2019	12	43814	2019.9562	411.97
2020	1	43845	2020.041	413.59
2020	2	43876	2020.1257	414.32
2020	3	43905	2020.2049	414.72
2020	4	43936	2020.2896	416.42
2020	5	43966	2020.3716	417.28
2020	6	43997	2020.4563	416.58
2020	7	44027	2020.5383	414.58
2020	8	44058	2020.623	412.75
2020	9	44089	2020.7077	411.5
2020	10	44119	2020.7896	411.49
2020	11	44150	2020.8743	413.1
2020	12	44180	2020.9563	414.23
2021	1	44211	2021.041	415.49
2021	2	44242	2021.1257	416.72
2021	3	44270	2021.2049	417.61
2021	4	44301	2021.2896	419.01
2021	5	44331	2021.3716	419.09
2021	6	44362	2021.4563	418.93
2021	7	44392	2021.5383	416.9
2021	8	44423	2021.623	414.42
2021	9	44454	2021.7077	413.26
2021	10	44484	2021.7896	413.9
2021	11	44515	2021.8743	414.97
2021	12	44545	2021.9563	416.67
2022	1	44576	2022.041	418.12
2022	2	44607	2022.1257	419.24
2022	3	44635	2022.2049	418.76
2022	4	44666	2022.2896	420.19
2022	5	44696	2022.3716	420.97
2022	6	44727	2022.4563	420.94
2022	7	44757	2022.5383	418.85
2022	8	44788	2022.623	417.15
2022	9	44819	2022.7077	415.91
2022	10	44849	2022.7896	415.74
2022	11	44880	2022.8743	417.47
2022	12	44910	2022.9563	419
2023	1	44941	2023.041	419.47
2023	2	44972	2023.1257	420.31
2023	3	45000	2023.2049	420.99
2023	4	45031	2023.2896	423.31
2023	5	45061	2023.3716	424
2023	6	45092	2023.4563	423.68
2023	7	45122	2023.5383	421.83
2023	8	45153	2023.623	419.68
2023	9	45184	2023.7077	418.5
2023	10	45214	2023.7896	418.82
2023	11	45245	2023.8743	420.46
2023	12	45275	2023.9563	421.86
2024	1	45306	2024.041	422.81
2024	2	45337	2024.1257	424.55
2024	3	45365	2024.2049	425.38
2024	4	45396	2024.2896	426.51
2024	5	45426	2024.3716	426.9
2024	6	45457	2024.4563	426.91
2024	7	45487	2024.5383	425.55
2024	8	45518	2024.623	422.99
2024	9	45549	2024.7077	422.03
2024	10	45579	2024.7896	422.38
2024	11	45610	2024.8743	423.85
2024	12	45640	2024.9563	425.4