country	MenYrsEduc_2015	WomenYrsEduc_2015	YrsEducWomenPctMen_2015	CellsPer100_2022	ChildMortalityPer1000_2022	Gini_2022	InternetPct_2022	LFParticipation_2019	LifeExp_2022	HHPerCapIncome_2022	VaccineRate_2022	WaterAccessPct_2022
Afghanistan	5.27	2.13	23.7	NA	54.2	39.5	NA	50.5	62.6	3.17	69	82.2
Albania	11.2	11.7	103	97.9	8.19	35	82.6	69.6	76.1	16.3	99	95.1
Algeria	9.42	10.3	90.8	109	20.9	29.2	71.2	46.4	76.8	9.29	98	94.7
Angola	6.14	6	73.3	67.4	68.6	53.8	39.3	77.9	64.5	4.71	60	57.7
Argentina	11.7	12.8	108	132	8.94	45.3	88.4	69.4	75.4	22.1	94	NA
Armenia	11.6	12.3	105	135	11.2	31.7	77	61.5	73.7	8.79	98	100
Australia	14.7	15.1	103	107	3.33	34.4	94.9	78.5	83.4	67.2	NA	100
Austria	11.9	12.4	101	123	2.87	32.7	93.6	76.9	82.7	71.8	NA	100
Azerbaijan	12.3	12.6	101	107	19.5	28.8	88	72	71.4	20	96	97.6
Bahamas	12.7	13.8	107	98.5	9.26	44	94.4	81.5	76.6	33.8	NA	NA
Bahrain	10.3	11.2	108	145	6.34	36.9	100	75.1	76.3	53.2	NA	99.9
Bangladesh	7.13	7.02	77.9	105	25.4	34.5	41.6	61.5	75.5	4.94	99	98.1
Barbados	11.2	12.6	108	115	11.2	43.9	76.2	77.7	76.6	15.2	NA	98.5
Belarus	12.6	13.1	105	123	3.04	27.1	89.5	78.1	73	19.2	98	99.2
Belgium	13.2	14	104	102	3.15	29.2	94	69.1	81.9	63.7	NA	100
Belize	9.84	10.4	99.9	NA	11.8	53	70.4	67.7	71.5	9.27	92	98.4
Benin	6.55	4.32	48.8	109	84.5	50.2	33.8	71.7	64	5.26	89	67.4
Bhutan	7.51	4.25	48.7	94.9	25.3	37.3	86.8	70	74	15.8	99	99.1
Bolivia	10.8	10.7	91.5	NA	23.9	43.5	73.3	74.2	68.9	19.9	76	94.1
Bosnia and Herzegovina	11	11.2	99.8	118	5.18	34.4	78.8	57.7	75	32.4	96	96.1
Botswana	8.4	10.5	114	165	33.3	54.6	77.3	73	62.7	10	98	92.6
Brazil	8.21	9.61	113	98.9	12.7	57.1	80.5	70.9	73.9	19.6	88	99.6
Brunei	15.2	15.6	99.7	118	10.5	35	99	68.5	74.2	61.2	99	99.9
Bulgaria	11.4	11.8	107	117	6.19	43.4	79.1	73.4	69.9	36.8	96	99.1
Burkina Faso	3.76	2.74	60.6	NA	66.5	37.3	19.9	67.8	61.4	4.5	98	49.5
Burundi	5.56	4.91	77.9	58	52.3	42.7	11.3	80	63.5	1.97	94	62.4
Cambodia	7.52	6.98	78.1	116	24	41.4	56.7	84.9	69.1	5.92	95	78
Cameroon	8.67	7.96	80.3	82.8	68.7	48.9	43.9	76.9	62.7	6.08	71	69.6
Canada	14.3	14.6	102	91.2	4.76	35.5	94	79	82.7	65.4	NA	99.2
Cape Verde	8.14	8.45	88.2	99.2	16.9	42.4	72.1	63.9	72.5	10.9	98	89.9
Central African Republic	6.79	4.94	59.6	NA	104	60.5	NA	72.5	51.8	2.19	61	36.3
Chad	5.08	2.66	34	68.2	110	45.6	12.2	70.7	60.1	3.45	92	52
Chile	12.7	13.5	104	135	6.5	46.6	90.7	68.9	79.3	28.7	99	100
China	11.2	11.3	89.2	125	7.61	39.1	75.6	75.9	78.2	15.2	99	97.6
Colombia	10.1	11.2	107	156	12.8	53.7	72.8	72.9	77	15.1	88	97.5
Comoros	7.38	7.19	80.3	100	62.3	45.1	NA	46.6	68.3	6.55	85	NA
Congo, Dem. Rep.	7.81	6.58	70	50.3	81.4	45.8	27.2	64.1	64.5	2.55	77	35.1
Congo, Rep.	8.97	8.7	86.3	NA	45.4	51.4	36.2	70.3	65.8	2.99	78	NA
Costa Rica	9.93	11.1	109	152	7.75	50	82.6	71.2	78	24.5	95	99.8
Cote d'Ivoire	6.59	4.75	60.5	174	73.8	43.6	38.4	54.6	63.8	6.34	85	72.9
Croatia	10.5	11.1	107	111	4.19	31.6	82.1	67	79.2	38.3	97	NA
Cuba	12.6	13.3	106	67.8	4.66	44.7	73.2	64.3	79.2	11.1	99	94.7
Cyprus	13.3	14.2	104	NA	2.09	32.7	89.6	74.8	81.3	58.5	NA	99.8
Czech Republic	12.6	13	103	128	3.04	27.2	84.5	76.9	78.3	43.2	97	99.9
Denmark	12.9	13.6	104	127	3.72	30	97.9	79	81.6	69.4	NA	100
Djibouti	9.18	5.98	48.2	46.3	50.2	41.6	65	63.7	66.6	6.1	66	76.2
Dominican Republic	9.73	11.2	111	90.4	26.3	43.8	84.4	71	73.8	14.6	99	96.8
Ecuador	10.3	11.1	105	97.2	12.7	47.9	69.7	71	77	15.2	76	95.7
Egypt	10.6	9.96	82.4	93.2	18.6	33.4	72.2	47.9	69.8	7.33	97	98.8
El Salvador	9.34	9.81	98.6	182	11.7	40.6	62.9	63.1	74.6	13.1	96	98.6
Equatorial Guinea	8.33	7.82	74.5	53.3	77.2	37.3	66.8	63.2	65.5	14.9	88	NA
Eritrea	6.93	5.82	61.9	NA	34.2	44.7	26.6	81.3	63.1	3.28	97	NA
Estonia	10.6	11.6	108	155	2.28	31.6	91.5	78.9	78.5	45.2	90	100
Eswatini	9.17	9.97	103	122	47.9	56.8	58.3	54.7	54.2	6.34	99	73.5
Ethiopia	6.54	5.79	61.3	56	46.5	37.5	19.4	81.3	68.6	5.09	68	51.5
Fiji	11.8	12.5	104	NA	23.7	36.3	85.2	60.3	68.8	7.14	99	95.5
Finland	12.5	13.3	106	129	1.47	27.3	93	78.2	82.3	61.6	94	100
France	12.5	13.3	106	119	3.65	34.9	85.3	71.8	83.4	62.5	96	100
Gabon	9.58	10	99.6	125	40.4	37.9	73.7	54.7	66.9	11.9	79	86.9
Gambia	6.87	5.24	53.5	NA	51.7	35	54.2	60.5	65.8	5.29	83	85.6
Georgia	12.9	13.5	104	156	8.49	37.8	78.7	69.4	71.5	8.3	95	95
Germany	12.7	13.4	102	125	2.8	34.3	91.6	79.1	80.6	65.5	NA	100
Ghana	8.56	8.08	78.2	120	42.4	43.5	69.8	69.2	65.5	6.01	99	88.4
Greece	12.9	13.7	104	109	4.18	34.8	83.2	68.7	80.3	33.5	NA	100
Guatemala	7.9	7.6	88.1	115	22.7	49.9	54.4	64.7	68.2	10.8	87	94.6
Guinea	5.7	3.33	41.2	NA	89.4	35.6	33.9	63	60.5	4.8	73	71.5
Guinea-Bissau	4.96	3.31	47.2	126	73.6	53.5	31.6	72.9	59.9	4.21	80	61.8
Guyana	10.6	11.5	105	NA	27.9	45.2	85.3	58.6	64.3	39.2	99	95.9
Haiti	7.72	7.77	84.1	NA	58.6	62.7	NA	68.9	63.3	3.57	73	67.4
Honduras	8.29	9.27	108	76.1	15.8	50	59.7	71	69.9	10.3	80	95.8
Hungary	12.7	13.3	104	104	3.77	31.7	89.1	72.6	75.1	33.8	99	100
Iceland	11.5	12	107	123	1.81	26.1	99.9	86.7	84.5	62.3	NA	100
India	8.99	7.3	67.9	80.6	31.6	39.4	NA	52.1	67.6	5.21	95	93.3
Indonesia	9.83	10.4	94.5	115	21.9	41.4	66.5	70.2	69.1	7.81	93	94.1
Iran	12	11.9	88.2	165	12.4	44.5	81.7	48	76.2	15.7	99	97.7
Iraq	8.57	7.73	81	98.2	23.9	31.5	78.7	44.7	73	11.2	97	98.4
Ireland	13.7	14.6	105	113	2.79	33.2	95.6	73.5	82.5	72.3	93	96
Israel	14.3	15.1	104	152	3.22	40.3	91.9	72.2	82.8	45	NA	100
Italy	13.2	14	104	133	2.64	38.4	85.1	65.8	83.6	55.7	NA	99.9
Jamaica	12.3	13.3	107	106	13.3	46.5	85.1	71.4	75	15.1	98	91.1
Japan	14.7	15.4	102	168	2.24	34.9	84.9	79.8	85.2	52.4	99	99.1
Jordan	12.3	12.8	99.9	67.6	14.5	35.9	90.5	41.8	76.3	13.3	92	99
Kazakhstan	12.4	13.1	104	130	8.46	29.9	92.3	76.6	69.8	12.7	99	NA
Kenya	9.06	9.26	90.6	122	36.1	42.6	40.8	74.6	65.6	3.69	94	62.9
Kuwait	11.8	12.5	104	181	7.01	36.6	99.8	75	82.1	50.1	99	100
Kyrgyz Republic	12.4	13	104	NA	16.8	31.6	79.8	62.4	72.7	7.09	97	90.8
Lao	7.43	6.98	83.6	NA	40.9	38.8	66.2	81.4	69.8	6.87	90	85.5
Latvia	11.8	12.7	107	117	3.47	36.4	91	77.7	76.3	38	99	98.9
Lebanon	10.6	11.7	106	NA	7.16	33.7	90.1	51.1	72	21.1	NA	92.6
Lesotho	8.39	10.5	126	67.5	69.9	47	47	69.9	50.7	4.12	87	74
Liberia	6.46	5.12	60.9	NA	63.5	37.4	30.1	77.1	66.1	3.72	79	75.6
Libya	9.61	7.7	72	205	10.6	39.6	88.4	52.8	75.6	19.6	74	99.9
Lithuania	11.6	12.2	104	139	3.65	37.6	87.7	78.2	74.3	46.5	93	98
Luxembourg	12	12.7	103	NA	2.21	35.4	98.2	71.7	83.4	96.5	NA	99.9
Madagascar	5.88	6.29	92.8	70.2	44.3	46.5	20.6	87.2	64.8	1.6	63	53.5
Malawi	6.85	6.24	70.3	60.1	41.1	47.2	27.7	77.3	63.5	2	87	71.9
Malaysia	12.1	12.7	102	141	7.01	42.4	97.4	68.6	75.5	34.6	98	97.2
Maldives	8.61	9.05	96	137	7.17	31.3	83.9	72.1	79.8	19.1	99	99.6
Mali	3.76	2.42	52	114	87.6	34.3	33.1	71.3	61.6	4.81	80	83.6
Malta	10.7	11.3	103	132	6.22	28.7	91.5	74.4	83.1	67	NA	100
Mauritania	6.36	5.65	68	113	69.3	32.5	44.4	46.5	69.7	6.83	98	77.8
Mauritius	10.8	11.3	99.7	161	13.9	36.8	75.5	66.2	74.3	17	98	100
Mexico	10.8	11.3	99.6	100	11.9	49.1	78.6	65.3	76.3	14.9	95	99.7
Moldova	12.2	13.3	108	127	14	27.5	63.5	47.2	71.9	11.5	93	92
Mongolia	9.86	11.1	111	142	13.9	34	83.9	66.3	68.9	9.86	99	83.5
Montenegro	12.3	12.5	101	203	2.26	38.3	88.2	66.3	75.7	18.1	86	98.9
Morocco	7.26	6.1	70.9	NA	19	41.3	89.9	48.7	74	11.6	99	87
Mozambique	4.79	4.94	56.8	42.1	63.4	57.3	21.2	78.3	56.9	2.03	90	63.2
Myanmar	7.79	8.33	104	107	41.4	32.8	NA	64.5	70.1	6.29	79	82.4
Namibia	8.77	9.97	107	113	33.9	60.1	62.2	60.6	60	10.2	92	85.9
Nepal	7.98	5.95	50.1	NA	27.6	33.7	49.6	85.7	72	7.75	96	91.2
Netherlands	13.4	14.1	101	118	3.32	30.1	92.5	80.9	82.2	69.3	NA	100
New Zealand	14.3	15	104	115	5.39	35.2	95.7	80.9	82.2	45.3	NA	100
Nicaragua	8.07	9.4	112	NA	16.1	46.3	61.1	69.5	76	12.7	99	NA
Niger	3.6	2.07	48.8	NA	73	36.6	16.9	73.4	61.7	3.05	95	48.9
Nigeria	9.3	8.23	74.1	102	109	37.3	35.5	56.7	65.2	3.56	74	79.6
North Korea	13.3	13	92.4	NA	15.4	42	NA	86.2	73.5	3.27	99	93.9
North Macedonia	11.8	12.3	103	97.8	9.09	34.8	84.2	66.1	71.1	15.3	93	97.8
Norway	14.1	14.5	103	111	2.18	27.6	99	78.2	83.3	76.9	NA	100
Oman	10.3	9.85	84.7	NA	9.77	38.4	97.8	71.4	70.1	35	99	92.4
Pakistan	7.73	5.65	56.4	81.7	64.2	33.8	32.9	54.5	65.5	5.3	95	90.6
Palestine	11.1	11.6	96.8	NA	18.6	35.5	88.6	46.3	73	12.3	99	98.4
Panama	11.1	12.3	109	156	14	51.7	73.6	72.2	79	33.8	99	94.7
Papua New Guinea	8.36	7.52	72.9	NA	42.8	43.5	27	48.4	65.1	4.24	48	50.2
Paraguay	9.16	10.5	110	128	18.8	47.7	76.3	76.2	73.3	18.5	79	99.6
Peru	11.5	11.7	96.3	122	12.6	44.8	74.7	81	77.3	12.3	89	94.8
Philippines	10.4	11.5	108	144	26	44.3	75.2	62.3	72.2	8.15	87	94.9
Poland	12.9	13.7	105	132	3.9	32.4	86.9	70.8	77.2	31	94	90.4
Portugal	10.4	11.3	110	125	3.13	35.6	84.5	75.8	82.3	40.9	99	99.3
Qatar	8.81	11.4	122	174	6.17	34.2	100	87.7	76.8	112	99	100
Romania	12.4	12.9	102	118	6.53	37.9	85.5	68.8	73.2	27.1	97	100
Russia	12.9	13.6	105	NA	6.12	40.8	90.4	74	69.2	23.4	97	97.1
Rwanda	5.82	5.86	88.4	79.9	29.1	45.9	34.4	84.1	69.4	3.83	99	65.1
Samoa	12.9	14.4	107	60.4	14.1	38.7	75.3	46.4	70.9	9.22	96	99
Sao Tome and Principe	7.45	7.22	83.1	86.8	27.6	33	57	59.9	71.2	5.57	92	77.3
Saudi Arabia	11.9	11	77.1	132	6.11	37.4	100	58	75.1	51	98	98.6
Senegal	5.26	4.2	63.5	120	37.1	42.6	60	47.1	67.9	6.33	93	86.2
Serbia	11.3	11.7	104	NA	4.87	32.2	83.5	67.6	73.1	21.6	96	95.7
Sierra Leone	5.97	4.57	53.2	NA	94.1	37.9	30.4	58.8	61.9	3.95	93	65.3
Singapore	13.2	14.1	98.9	156	2.48	40.9	96	77.4	85.2	128	98	100
Slovak Republic	11.6	11.9	104	132	4.97	27	89.1	72.7	75.2	27	97	99.8
Slovenia	11.9	12.8	106	126	2.02	26.5	88.9	75.1	81.9	51.8	96	99.5
Solomon Islands	9.4	9.2	88	NA	18.3	38.6	45	85.3	59.5	3.58	90	NA
Somalia	4.03	2.5	50.5	50.3	112	39.3	27.6	49.4	57.5	2.81	47	58.3
South Africa	10.8	11.7	104	167	30.5	65.7	74.7	60.1	60.5	11.5	89	94.5
South Korea	13.9	14.5	99	149	2.76	32.7	97.2	69.1	83.3	49.3	98	100
South Sudan	3.02	1.79	36.2	30	92.8	47.9	12.1	73.8	63.4	1.66	73	41.2
Spain	12.6	13.4	105	124	2.67	37	94.5	74.2	83.5	52	NA	99.9
Sri Lanka	11.4	12.2	104	143	6.55	40.8	50.1	57.5	77.9	8.27	99	89.3
St. Lucia	11.3	12.4	109	NA	15.2	51.2	74.2	79.1	72.9	20.4	89	96.9
St. Vincent and the Grenadines	11.2	12.6	108	100	14.9	38.1	77.7	74.3	69.1	14.8	99	NA
Sudan	7.79	6.97	75	74	55.1	36.1	28.7	49.7	70.2	3.41	69	64.9
Suriname	9.4	10.1	101	150	17.1	61	75.8	56.8	70.7	15.1	NA	98
Sweden	14.2	15	104	125	2.36	31.8	95	83.1	83.3	62.8	94	99.7
Switzerland	11.5	11.9	98.8	120	3.73	35	96.8	84.2	84.5	78.6	NA	100
Syria	9.83	9.14	84.7	NA	12.7	39.5	NA	46.8	74.4	2.98	76	94.1
Tajikistan	11.8	11.2	94.2	NA	30.1	34.1	36.1	41.5	70	9.11	99	81.9
Tanzania	7.67	7.55	88.7	91.9	45.9	42.7	31.9	84.5	67	3.44	94	60.8
Thailand	10.8	11.5	103	176	8.04	36.3	88	74.2	79.1	17	99	100
Timor-Leste	8.66	8.69	84.4	110	40	30.9	40.8	67.5	71.4	4.38	90	87
Togo	7.71	6.06	55.7	74.2	62.7	45.1	37.6	58.5	65.8	4.96	91	71
Tonga	10.9	11.7	104	NA	14.1	37.6	NA	49.3	73.4	9.04	99	98.8
Trinidad and Tobago	13.1	14	106	131	16.8	42.3	80	68.6	75.4	24.2	NA	98.9
Tunisia	11.3	10.3	82	129	14.8	34.9	73.8	51.5	75.9	13.6	98	97.2
Turkey	10.5	9.73	85	106	9.02	44.1	83.4	58.1	79	26	99	97
Turkmenistan	13.1	13.6	102	NA	42.8	44.7	NA	61.2	71.2	12.6	99	100
UAE	12	13	106	212	6.79	27.2	100	82.8	73.4	81.8	98	100
Uganda	7.75	7.29	75.4	70	40.4	45.2	NA	70.9	66.9	3.56	96	59.3
UK	13.9	14.5	102	121	4.14	38.4	95.3	78	81.5	61.6	NA	100
Ukraine	13.2	13.7	104	NA	7.62	28.8	NA	66.6	67.9	12.4	74	93.6
Uruguay	10.4	11.6	110	139	6.86	40.9	89.9	75.3	78	28.4	97	99.5
USA	13.4	13.8	103	110	6.62	45.1	97.1	73.1	78	89.1	NA	100
Uzbekistan	12.1	12.4	102	103	19.6	35	83.9	65.2	68.8	3.71	99	96.6
Vanuatu	9.29	9.57	95.4	78.2	23.4	37.6	69.9	70.5	66	4.93	81	91.3
Venezuela	10.5	11.9	109	63.4	24.6	45.6	NA	62.5	74	3.95	60	93.3
Vietnam	9.9	10.2	99.6	140	19.4	37.2	78.6	83.1	75	16.4	91	98
Yemen	8.11	3.74	30.1	NA	53.5	39.2	17.7	39.4	66.3	2.16	63	61.8
Zambia	8.29	7.96	85.1	99.1	51.5	59.6	31.2	75.1	62.2	2.92	90	68.2
Zimbabwe	10.5	10.8	92.1	87.6	41.3	52.4	32.6	84	59.1	4.38	96	62.3
